1 3
2 1.5
3 1
4 0.75
5 0.6
6 0.5
7 0.428571
8 0.375
9 0.333333
10 0.3
11 0.272727
12 0.25
13 0.230769
14 0.214286
15 0.2
16 0.1875
17 0.176471
18 0.166667
19 0.157895
20 0.15
21 0.142857
22 0.136364
23 0.130435
24 0.125
25 0.12
26 0.115385
27 0.111111
28 0.107143
29 0.103448
30 0.1
31 0.0967742
32 0.09375
33 0.0909091
34 0.0882353
35 0.0857143
36 0.0833333
37 0.0810811
38 0.0789474
39 0.0769231
40 0.075
41 0.0731707
42 0.0714286
43 0.0697674
44 0.0681818
45 0.0666667
46 0.0652174
47 0.0638298
48 0.0625
49 0.0612245
50 0.06
51 0.0588235
52 0.0576923
53 0.0566038
54 0.0555556
55 0.0545455
56 0.0535714
57 0.0526316
58 0.0517241
59 0.0508475
60 0.05
61 0.0491803
62 0.0483871
63 0.047619
64 0.046875
65 0.0461538
66 0.0454545
67 0.0447761
68 0.0441176
69 0.0434783
70 0.0428571
71 0.0422535
72 0.0416667
73 0.0410959
74 0.0405405
75 0.04
76 0.0394737
77 0.038961
78 0.0384615
79 0.0379747
80 0.0375
81 0.037037
82 0.0365854
83 0.0361446
84 0.0357143
85 0.0352941
86 0.0348837
87 0.0344828
88 0.0340909
89 0.0337079
90 0.0333333
91 0.032967
92 0.0326087
93 0.0322581
94 0.0319149
95 0.0315789
96 0.03125
97 0.0309278
98 0.0306122
99 0.030303
100 0.03
